0 0.6582278481012658 0.6524741081703107 0.4568469505178366 0.567318757192175 0.31185270425776757 0.46490218642117376 0.6306098964326813 
0.6582278481012658 0 0.3256616800920598 0.5868814729574223 0.5051783659378596 0.6386651323360184 0.669735327963176 0.5868814729574223 
0.6524741081703107 0.3256616800920598 0 0.4982738780207135 0.3440736478711162 0.5891829689298044 0.6513233601841196 0.4810126582278481 
0.4568469505178366 0.5868814729574223 0.4982738780207135 0 0.3187571921749137 0.31530494821634064 0.4844649021864212 0.476409666283084 
0.567318757192175 0.5051783659378596 0.3440736478711162 0.3187571921749137 0 0.48216340621403914 0.5604142692750288 0.31530494821634064 
0.31185270425776757 0.6386651323360184 0.5891829689298044 0.31530494821634064 0.48216340621403914 0 0.3037974683544304 0.569620253164557 
0.46490218642117376 0.669735327963176 0.6513233601841196 0.4844649021864212 0.5604142692750288 0.3037974683544304 0 0.6271576524741082 
0.6306098964326813 0.5868814729574223 0.4810126582278481 0.476409666283084 0.31530494821634064 0.569620253164557 0.6271576524741082 0 
